1048576[0]-20
1048576[1]0
1048576[2]0
1048576[3]0
1048576[4]0
1048576[5]0
1048576[6]0
1048576[7]0
1048576[8]0
1048576[9]0
4194304[0]-20
4194304[1]0
4194304[2]0.0454803
4194304[3]0
4194304[4]0
4194304[5]0
4194304[6]0.297933
4194304[7]0
4194304[8]0
4194304[9]0
5242880[0]-20
5242880[1]0
5242880[2]0
5242880[3]0.43767
5242880[4]0
5242880[5]0.949951
5242880[6]0.114633
5242880[7]0
5242880[8]0
5242880[9]0.13223
268435456[0]-20
268435456[1]0
268435456[2]0
268435456[3]0
268435456[4]0
268435456[5]0
268435456[6]0
268435456[7]0
268435456[8]0
268435456[9]0
272629760[0]-16.9387
272629760[1]0.180949
272629760[2]0
272629760[3]0
272629760[4]0
272629760[5]0
272629760[6]0.109644
272629760[7]0
272629760[8]0
272629760[9]0.968084
603979776[0]-20
603979776[1]-8.80275
603979776[2]-8.93306
603979776[3]-8.44781
603979776[4]-4.55625
603979776[5]-8.80388
603979776[6]-4.5375
603979776[7]-4.65
603979776[8]-4.5375
603979776[9]-4.55625
605028352[0]-20
605028352[1]-13.0769
605028352[2]-16.2686
605028352[3]-19.675
605028352[4]-16.7034
605028352[5]-16.6141
605028352[6]-20.0412
605028352[7]-16.6119
605028352[8]-16.26
605028352[9]-16.743
872415232[0]-21.5375
872415232[1]-16.4257
872415232[2]-13.0548
872415232[3]-16.6804
872415232[4]-12.9588
872415232[5]-16.6776
872415232[6]-12.8992
872415232[7]-16.7629
872415232[8]-16.7536
872415232[9]-19.5245
