0 0 -14.45
0 1 -0.15
0 2 0.15
0 3 0
0 4 0
0 5 0
0 6 0
0 7 0
0 8 0
0 9 0
4194304 0 -20
4194304 1 -0.05625
4194304 2 0
4194304 3 0
4194304 4 0
4194304 5 0.323196
4194304 6 0
4194304 7 2.73561
4194304 8 0
4194304 9 0
4194306 0 -20
4194306 1 -0.251634
4194306 2 0.61254
4194306 3 0
4194306 4 0
4194306 5 0
4194306 6 0
4194306 7 0
4194306 8 0
4194306 9 0
4194307 0 -14.4633
4194307 1 -0.13125
4194307 2 0.0929343
4194307 3 0
4194307 4 0
4194307 5 0
4194307 6 0.0104359
4194307 7 0
4194307 8 -0.139564
4194307 9 0.00885879
5242880 0 -20
5242880 1 -0.295312
5242880 2 0.55681
5242880 3 0
5242880 4 0
5242880 5 0
5242880 6 0
5242880 7 0
5242880 8 0
5242880 9 -0.15
5242883 0 -20
5242883 1 -0.13125
5242883 2 0.102977
5242883 3 0
5242883 4 0
5242883 5 0
5242883 6 0
5242883 7 0
5242883 8 0
5242883 9 0
71303168 0 -20
71303168 1 -0.28125
71303168 2 1.20419
71303168 3 -0.0951305
71303168 4 0
71303168 5 0
71303168 6 0
71303168 7 0
71303168 8 0
71303168 9 0
72351744 0 -20
72351744 1 -0.0440625
72351744 2 0.549489
72351744 3 0
72351744 4 0
72351744 5 0
72351744 6 0
72351744 7 0
72351744 8 0
72351744 9 0
272629760 0 -20
272629760 1 -0.255443
272629760 2 0.500115
272629760 3 0
272629760 4 0
272629760 5 0
272629760 6 0
272629760 7 0
272629760 8 0
272629760 9 0
276824064 0 -20
276824064 1 0.12776
276824064 2 0
276824064 3 0
276824064 4 0
276824064 5 0
276824064 6 0
276824064 7 0
276824064 8 0
276824064 9 0
276824068 0 -20
276824068 1 -0.28125
276824068 2 0
276824068 3 0
276824068 4 0
276824068 5 0
276824068 6 0
276824068 7 0
276824068 8 0
276824068 9 0
339738624 0 -16.9349
339738624 1 -0.227972
339738624 2 0
339738624 3 0
339738624 4 0
339738624 5 0
339738624 6 0
339738624 7 0.519188
339738624 8 0
339738624 9 0
